5916
806	869	1243	1250	1430	1541	1622	1915	1992	2895	2980	3004	3156	3218	3300	3567	4124	4212	4230	5314	
62	245	608	694	770	1237	1466	1580	1850	1939	2230	2396	2542	2683	2731	2764	3324	3389	3594	3751	
0	75	453	546	713	903	1180	1334	1576	1754	1975	2277	2436	2542	2766	2827	3636	4625	4873	4901	
929	1017	1090	1803	1886	2244	2654	3171	3261	3296	3387	3521	3606	3968	4161	5047	5062	5130	5218	5441	
88	178	682	820	934	1024	2156	2452	2474	2653	2859	2903	3900	4019	4042	4785	4963	5176	5209	5257	
203	337	1029	1242	1306	1454	1528	1978	3861	4169	4431	4479	4662	4775	4798	4835	4848	4941	5048	5065	
123	1290	1406	1450	1762	1826	1854	2188	2276	2354	2490	4098	4678	4760	4869	4949	5000	5068	5133	5555	
198	414	546	700	775	1068	1151	1305	1515	1605	1822	2230	2336	2357	2511	2554	3118	3204	4356	4493	
52	555	775	961	1377	1440	1860	1956	2190	2438	3519	3532	4163	5097	5129	5305	5436	5465	5495	5539	
20	213	1134	1300	1437	1839	2042	2197	2413	2540	2649	2651	2683	2946	3389	3703	4020	4063	4135	5129	
0	149	274	338	419	474	862	983	1342	1426	1530	1768	2399	2471	2666	2723	3705	3784	3942	4403	
192	443	1151	1355	1609	1678	2006	2112	2148	2193	3283	3408	3519	3704	3705	4136	4173	4263	4451	4902	
161	318	506	633	1287	1525	1579	1975	2614	3993	4362	4444	4639	4734	4900	4959	5131	5202	5301	5346	
359	1051	1137	2253	2724	2811	2869	2988	3003	3318	3483	3515	3549	3647	3668	4216	4632	5080	5111	5164	
0	361	808	864	927	1495	1579	1798	1850	1946	2154	2507	2654	2783	2861	2967	3703	4022	4125	4222	
0	288	1830	1917	1951	2095	3329	3503	3791	3814	3931	4106	4248	4332	4429	4524	4698	5202	5262	5425	
90	1237	1436	1606	1964	2036	2477	2519	2968	3057	3135	3268	3320	3408	3566	3910	3956	4050	5426	5552	
0	284	472	668	701	881	993	1246	1340	1654	1963	2281	2435	2758	2821	2928	3425	3571	3878	3916	
0	219	459	560	1210	1314	2033	2841	3204	3292	3528	3746	4059	4227	4241	4519	4810	4979	5518	5541	
888	950	988	1046	1202	1448	1735	1836	1923	2588	2752	2794	2858	3029	3225	3535	3763	3840	3974	4315	
317	515	625	2438	2616	3456	3595	3665	3747	3925	4061	4083	4241	4300	4349	4429	5012	5130	5379	5419	
106	338	644	770	1478	1650	1734	2254	2392	2464	2713	2768	2977	3383	3584	3876	3987	4013	4051	4341	
2837	2897	3003	3082	3569	3956	3992	4223	4274	4738	4834	4873	5025	5054	5371	5551	5625	5685	5762	5796	
207	416	987	1179	1624	1750	2408	2539	3009	3098	4064	4736	4809	4832	4856	5028	5187	5262	5324	5416	
0	754	898	957	1089	1306	1353	1565	1726	1783	2408	2800	3107	3153	3234	3455	3542	4926	5068	5110	
0	395	566	742	841	960	1555	1592	2170	2304	2351	3557	3610	3766	4094	4184	4291	4593	4596	4818	
87	869	929	1045	1303	1568	3508	3674	3724	3760	4444	4494	5098	5139	5267	5347	5436	5479	5524	5581	
48	191	384	1003	1119	1177	1366	1465	1583	2532	2794	2860	2876	3133	3843	3856	4138	4190	4987	5048	
82	256	517	637	1234	1298	1329	1911	2013	2029	2083	2539	3007	3080	3188	3229	3301	3377	3492	5069	
1284	1741	1764	2170	2227	2309	2855	2917	2994	3136	3156	3186	3634	3786	4754	4798	4881	5013	5625	5662	
0	782	874	1009	1278	1296	1959	3229	3424	3538	3539	3624	3755	3864	3913	3944	4140	5052	5173	5361	
0	32	352	958	1440	1524	1602	1788	1831	1936	2008	2432	2543	2781	3279	3984	4014	4097	4558	4708	
519	647	1212	1440	1624	1645	1701	2460	2676	2967	3076	3137	3208	3233	3256	3573	3636	3759	4180	4279	
146	442	462	534	593	1029	1398	1576	1838	1880	2186	2703	2786	2860	3572	3657	3751	4139	4314	4363	
203	822	935	974	1247	1440	1488	1549	1637	2441	2468	3658	3952	4436	4547	5051	5113	5344	5450	5481	
42	224	244	718	758	825	898	1140	1923	1944	2710	2717	2831	3763	3847	4247	4251	4527	4602	4664	
389	503	650	775	862	1182	2149	2292	2761	2869	2955	3023	3093	3984	4094	4284	4421	4497	4744	4831	
177	237	470	607	671	909	1887	2231	2351	2464	2654	2751	3035	3166	3768	3835	3960	4084	4601	5405	
370	532	722	788	950	1065	2293	2452	2727	2776	3125	3219	3371	3414	3707	3812	3856	4642	4704	5144	
541	867	868	1022	1118	1177	1329	1431	2144	2293	2354	2827	3422	3464	3478	3560	3636	3879	4830	4927	
64	178	280	697	3562	3802	3919	4207	4334	4428	4477	4513	5313	5361	5511	5638	5685	5729	5780	5866	
156	294	543	659	737	1038	1368	1640	3529	3574	4257	4659	4968	5129	5274	5314	5381	5450	5524	5619	
462	566	725	1152	1840	1890	2019	2354	2452	2488	3235	3484	3643	4107	4358	4380	4415	4551	4675	4959	
0	526	621	1082	2957	3009	3295	3377	3419	3491	3630	3726	3843	3899	4256	4345	4883	5045	5080	5209	
73	815	961	1225	1578	1624	1684	1732	1890	2036	2146	2271	2717	2766	3461	3944	4121	4222	4272	4688	
644	753	1117	1149	1646	1963	1979	2044	2225	2293	2444	2586	2728	2833	3803	4006	4356	4419	4526	4606	
55	379	1243	1389	1507	1759	2271	2353	2354	2673	4268	4369	4705	4852	4958	5251	5352	5357	5553	5634	
399	939	988	1132	1347	1671	1738	1918	2792	2886	2939	3264	3359	3542	3830	3987	4278	4311	4443	4904	
160	305	456	676	1150	1246	1402	1747	2221	2597	2952	3268	3294	3572	3642	4256	4282	4369	5098	5518	
0	75	455	1140	1225	1360	1513	1826	2902	2920	3146	3185	3448	3661	3940	4010	4613	4914	5164	5247	
101	243	344	515	646	826	1979	2083	2242	2378	2624	3037	3249	4136	4248	4292	4459	4548	4601	4737	
0	59	177	757	1052	1142	1386	1510	1729	1754	1769	2566	2695	3414	3828	4721	4736	4887	5052	5205	
59	546	1076	1153	1396	1554	1683	1793	1895	2071	2166	2890	3009	3323	3500	3791	4562	4641	4787	5279	
711	1115	1264	1610	2945	3028	3134	3159	3311	3430	3856	3911	3945	4579	4757	4862	4902	5084	5168	5218	
81	166	254	484	831	1374	1853	2018	2044	2173	2608	2979	3261	3599	3728	3812	3985	4117	4224	5212	
228	322	2601	2768	2801	3061	3148	3218	3291	3358	3814	4704	4828	4947	4949	5057	5145	5181	5198	5276	
293	396	515	1361	1447	1570	1686	1724	1976	2083	2201	2638	3480	3635	3800	4907	5033	5240	5322	5421	
175	553	1649	1812	1852	1944	2154	2199	2394	2528	2579	3390	3487	3599	3792	3915	4020	4332	4334	4606	
131	235	374	627	719	786	864	1023	1738	2348	2523	2578	2910	3022	3396	3437	3554	3805	4256	4674	
0	250	975	2091	2345	2576	2624	2703	2843	2863	2879	2928	3974	4324	4362	5266	5274	5416	5465	5534	
132	605	657	766	867	881	1089	1247	1355	2819	3876	3900	3928	4117	4156	4596	4707	4996	5188	5269	
86	374	537	794	949	1160	1362	1437	1719	1783	1873	2064	2176	2228	2693	3645	3856	3945	4221	4414	
428	478	546	942	958	1071	1091	1159	1279	1371	2112	2474	2533	2548	2654	3039	3113	3267	3385	5072	
783	1245	1730	2394	2520	2574	2686	2748	2811	2824	2879	3008	3090	3113	3226	3487	4008	4211	4311	5530	
431	1073	1510	1806	2329	2347	2456	2991	3135	3146	3990	3993	4078	4467	4636	4733	4735	4965	5098	5481	
0	406	440	828	1208	1329	1334	1410	1456	1755	2207	2562	2742	2982	3033	3864	4190	4348	4840	4891	
347	795	850	958	1322	2046	2111	2218	2318	2345	2646	2910	3011	3082	3291	3383	3939	4018	5003	5662	
0	91	196	324	685	773	929	1158	1572	2738	2912	2967	3359	3496	3680	4533	4568	4636	5045	5258	
14	127	251	320	775	1138	1368	1540	2052	2302	2556	2937	3151	3775	3920	4044	4967	5080	5235	5250	
0	930	985	1241	1493	2076	2099	2462	2562	2629	2695	4614	4773	5107	5205	5245	5266	5496	5562	5638	
78	139	236	621	683	1001	1653	1670	2227	2281	2346	2473	3026	3260	3401	3480	3492	3701	4373	4457	
441	755	1096	1209	1564	1886	2433	2559	2616	2662	2699	2776	3062	4326	4542	4570	4626	4659	4715	4868	
0	255	459	946	1415	1445	1705	1755	1867	1932	2008	2105	2201	2439	2984	4537	4664	4735	4836	4891	
295	390	618	868	1233	1492	1616	1753	1987	2163	2508	2645	2905	3080	3256	3351	3490	3716	4234	4462	
0	258	469	1657	1700	2169	2233	2276	2852	3025	3121	3300	3478	4398	4443	4593	5067	5098	5111	5276	
103	286	361	574	645	741	867	2099	2188	2336	2500	2558	2942	3065	3325	4216	4369	4488	5139	5247	
68	230	318	365	450	473	532	878	1025	1491	3380	3507	4248	4340	4356	4832	4908	5118	5290	5404	
285	300	696	2655	2749	2806	3469	3686	3811	3888	3974	4032	4172	4497	4760	4937	5243	5308	5573	5627	
244	342	531	617	1581	1642	1742	2401	2438	2548	2598	3020	3090	3102	3333	3905	4023	4087	4151	4232	
159	247	851	1012	1536	1880	1963	2094	2592	2678	2776	3434	3659	3758	4159	4209	4326	4342	4495	4601	
115	349	441	737	1149	1225	1527	1679	4041	4209	4256	4464	4549	4673	4828	4958	5026	5323	5426	5495	
205	374	631	873	927	1032	1055	1913	2308	2571	2781	2814	2969	3104	3148	3206	3287	3785	4083	4469	
20	293	506	569	746	1027	1262	2746	2916	2980	3495	3941	4825	4828	4856	4941	5017	5145	5176	5267	
20	125	728	806	1477	1625	3138	3209	3301	3665	3712	4779	4810	4971	5028	5154	5353	5506	5558	5634	
197	560	1318	1535	1666	1746	1922	1975	2180	2337	2483	2678	2825	2879	3032	3161	3538	3716	4014	4063	
520	719	1137	1218	1578	1675	1759	1839	2065	2170	2249	2363	2419	2653	2894	3488	3495	3758	3838	4018	
660	767	826	1388	1803	1956	1994	2704	2737	3095	3209	3221	3754	3850	4494	4626	4683	4729	4777	5214	
318	607	648	735	871	1178	1311	1510	3039	3419	3456	3529	4014	4642	4782	4852	4900	4937	5516	5526	
158	357	474	518	573	897	1171	1242	1581	1812	1860	2036	2112	2161	2271	2357	4095	4323	4602	4875	
115	402	463	555	574	697	842	951	1107	1193	1336	2019	2097	2347	3090	4869	4981	5054	5352	5545	
66	518	533	709	908	974	1404	1706	2035	2890	3134	3234	3271	3283	3341	3387	3760	3946	4014	4145	
105	653	956	1333	1522	1527	2209	2273	2521	2592	2710	2893	2928	3095	3156	3199	3308	3606	4340	4419	
895	1241	1274	1598	1699	1817	1860	2709	3031	3333	3557	3633	3701	3801	4073	4291	4479	4701	4807	4818	
206	244	300	719	1631	1958	2029	2123	2339	2389	2558	2636	2654	2827	2833	3069	3117	3920	4049	4798	
0	193	296	436	889	1290	1397	1511	1608	1958	2066	2161	2341	2368	2444	3339	3438	4685	4740	4829	
167	264	422	645	1190	1245	1320	1423	1586	1718	1719	2111	2535	2683	2861	3208	3434	3535	3988	4175	
420	563	670	1109	1138	2199	3532	3620	3716	3842	3855	4097	4251	4570	4683	4950	5277	5541	5555	5634	
93	226	431	555	775	1046	1573	1734	1768	1827	1994	2324	3018	3258	3366	3539	3675	3911	4232	5009	
133	630	1055	1152	1363	1533	1707	1737	2365	2451	4002	4006	4539	4665	4744	4800	4829	5005	5224	5347	
203	280	338	1287	1407	1538	2344	2767	2845	2861	3033	3414	4046	4151	4230	4360	4459	4701	4830	4873	
